{
 "cells": [
  {
   "cell_type": "code",
   "execution_count": 1,
   "id": "a18a3e43",
   "metadata": {},
   "outputs": [],
   "source": [
    "import numpy as np"
   ]
  },
  {
   "cell_type": "code",
   "execution_count": 2,
   "id": "01dbe2b4",
   "metadata": {},
   "outputs": [
    {
     "data": {
      "text/plain": [
       "array([0.80765517, 0.87900542, 0.20359793, 0.73711195])"
      ]
     },
     "execution_count": 2,
     "metadata": {},
     "output_type": "execute_result"
    }
   ],
   "source": [
    "arr = np.random.rand(4)\n",
    "arr"
   ]
  },
  {
   "cell_type": "markdown",
   "id": "143aad68",
   "metadata": {},
   "source": [
    "`sorting`"
   ]
  },
  {
   "cell_type": "code",
   "execution_count": 4,
   "id": "ba88ae13",
   "metadata": {},
   "outputs": [
    {
     "data": {
      "text/plain": [
       "array([0.20359793, 0.73711195, 0.80765517, 0.87900542])"
      ]
     },
     "execution_count": 4,
     "metadata": {},
     "output_type": "execute_result"
    }
   ],
   "source": [
    "sorted_arr = np.sort(arr)\n",
    "sorted_arr"
   ]
  },
  {
   "cell_type": "code",
   "execution_count": 7,
   "id": "a1122ec2",
   "metadata": {},
   "outputs": [
    {
     "data": {
      "text/plain": [
       "array([0.87900542, 0.80765517, 0.73711195, 0.20359793])"
      ]
     },
     "execution_count": 7,
     "metadata": {},
     "output_type": "execute_result"
    }
   ],
   "source": [
    "rev_arr = -np.sort(-arr)\n",
    "rev_arr"
   ]
  },
  {
   "cell_type": "code",
   "execution_count": 8,
   "id": "888daf43",
   "metadata": {},
   "outputs": [
    {
     "data": {
      "text/plain": [
       "array([[0.02426452, 0.1955352 , 0.46477296, 0.70016683],\n",
       "       [0.17929517, 0.14822668, 0.00172569, 0.79589725],\n",
       "       [0.90657767, 0.32375686, 0.44213178, 0.05741749]])"
      ]
     },
     "execution_count": 8,
     "metadata": {},
     "output_type": "execute_result"
    }
   ],
   "source": [
    "arr2d = np.random.rand(3, 4)\n",
    "arr2d"
   ]
  },
  {
   "cell_type": "code",
   "execution_count": 9,
   "id": "70f60fe9",
   "metadata": {},
   "outputs": [
    {
     "data": {
      "text/plain": [
       "array([[0.02426452, 0.1955352 , 0.46477296, 0.70016683],\n",
       "       [0.00172569, 0.14822668, 0.17929517, 0.79589725],\n",
       "       [0.05741749, 0.32375686, 0.44213178, 0.90657767]])"
      ]
     },
     "execution_count": 9,
     "metadata": {},
     "output_type": "execute_result"
    }
   ],
   "source": [
    "row_sorted = np.sort(arr2d, axis=1)\n",
    "row_sorted"
   ]
  },
  {
   "cell_type": "code",
   "execution_count": null,
   "id": "383c0d0f",
   "metadata": {},
   "outputs": [],
   "source": []
  }
 ],
 "metadata": {
  "kernelspec": {
   "display_name": "data-science-i9b5zvLu",
   "language": "python",
   "name": "python3"
  },
  "language_info": {
   "codemirror_mode": {
    "name": "ipython",
    "version": 3
   },
   "file_extension": ".py",
   "mimetype": "text/x-python",
   "name": "python",
   "nbconvert_exporter": "python",
   "pygments_lexer": "ipython3",
   "version": "3.13.7"
  }
 },
 "nbformat": 4,
 "nbformat_minor": 5
}
